swdataBoth = {{{1., 14., 12., 1., 2., 20., 13., 27., 1., 10., 0., 0., 2., 3., 
       1.}, {7., 7., 27., 26., 56., 7., 2., 17., 0., 10., 1., 2., 9., 1., 
       1.}, {1., 2., 0., 0., 1., 4., 2., 0., 10., 8., 7., 15., 1., 6., 4.}, 
      {10., 29., 0., 17., 13., 1., 7., 4., 3., 1., 1., 2., 10., 9.}, 
      {6., 62., 4., 2., 38., 9., 34., 1., 12., 2., 2., 7., 3., 12., 4.}, 
      {13., 9., 9., 8., 19., 12., 10., 10., 1., 18., 2., 20., 1., 9.}, 
      {7., 18., 8., 4., 12., 12., 20., 1., 13., 7., 1., 37., 4.}, 
      {57., 6., 54., 15., 6., 20., 7., 4., 1., 9., 20., 3., 8., 37., 5.}, 
      {25., 3., 8., 16., 6., 1., 1., 19., 3., 3., 43., 5., 1., 15.}, 
      {27., 1., 24., 13., 7., 0., 2., 19., 1., 4., 15., 8., 18., 30., 19.}, 
      {47., 10., 8., 17., 5., 8., 33., 5., 4., 11., 12., 16., 1.}, 
      {10., 1., 6., 18., 7., 2., 3., 3., 3., 23., 4., 1., 6.}, 
      {7., 10., 2., 12., 4., 13., 3., 3., 4., 6., 7., 1., 14., 7.}, 
      {71., 41., 9., 8., 5., 1., 1., 2., 5., 5., 1., 3., 11., 6., 2.}, 
      {31., 1., 13., 45., 1., 16., 10., 4., 1., 5., 12., 49., 6., 21.}, 
      {17., 7., 10., 5., 3., 7., 6., 2., 18., 7., 2., 12., 7., 1.}, 
      {16., 6., 9., 7., 6., 8., 17., 6., 3., 1., 7., 28., 22.}, 
      {43., 6., 20., 46., 1., 31., 14., 29., 24., 2., 1., 2., 13., 40.}}, 
     {{1, 8, 0, 1, 1, 0, 0, 0, 1, 21, 3, 2, 1, 4, 0}, 
      {7, 6, 0, 0, 0, 4, 5, 0, 7, 8, 0, 4, 10, 0, 1}, 
      {0, 0, 1, 0, 0, 2, 1, 0, 0, 0, 4, 0, 0, 1, 0}, {0, 2, 1, 0, 2, 0, 0, 0, 
       1, 0, 0, 0, 0, 0}, {0, 1, 0, 0, 0, 0, 1, 0, 0, 0, 0, 0, 0, 0, 0}, 
      {0, 0, 0, 1, 1, 0, 0, 0, 0, 0, 0, 0, 0, 0}, {0, 0, 0, 0, 0, 0, 0, 0, 0, 
       0, 1, 4, 1}, {0, 0, 0, 1, 0, 1, 0, 0, 0, 0, 1, 0, 1, 1, 0}, 
      {1, 0, 1, 0, 0, 0, 0, 0, 1, 0, 0, 0, 0, 0}, {0, 0, 0, 0, 0, 0, 0, 0, 0, 
       0, 1, 0, 0, 0, 0}, {0, 0, 0, 0, 0, 0, 0, 0, 0, 0, 0, 0, 0}, 
      {0, 0, 0, 0, 0, 0, 0, 0, 0, 0, 0, 0, 0}, {0, 0, 0, 0, 0, 0, 0, 0, 0, 0, 
       0, 0, 0, 0}, {0, 0, 0, 0, 0, 0, 0, 0, 0, 0, 0, 0, 0, 0, 0}, 
      {0, 0, 0, 0, 0, 0, 0, 0, 0, 0, 0, 0, 0, 0}, {0, 0, 0, 0, 0, 0, 0, 0, 0, 
       0, 0, 0, 0, 0}, {0, 0, 0, 0, 0, 0, 0, 0, 0, 0, 0, 0, 0}, 
      {0, 0, 0, 0, 0, 0, 0, 0, 0, 0, 0, 0, 0, 0}}, 
     {{0, 5, 1, 0, 1, 0, 0, 0, 0, 8, 1, 3, 0, 9, 0}, 
      {10, 9, 0, 0, 0, 19, 6, 0, 3, 8, 2, 9, 27, 0, 5}, 
      {1, 1, 3, 1, 0, 8, 8, 1, 9, 6, 12, 0, 4, 11, 0}, 
      {0, 9, 3, 6, 4, 0, 9, 3, 1, 4, 0, 0, 0, 0}, {0, 20, 0, 1, 0, 4, 3, 0, 
       1, 0, 3, 4, 0, 1, 0}, {1, 0, 1, 2, 2, 2, 0, 0, 0, 4, 1, 2, 0, 1}, 
      {0, 2, 0, 3, 0, 2, 1, 0, 1, 0, 1, 6, 1}, {0, 0, 0, 1, 0, 0, 0, 0, 0, 0, 
       2, 2, 4, 6, 0}, {2, 0, 4, 0, 1, 0, 0, 0, 0, 2, 3, 0, 0, 0}, 
      {0, 1, 0, 0, 0, 1, 1, 1, 0, 0, 0, 0, 0, 0, 0}, {1, 0, 0, 0, 0, 0, 0, 0, 
       0, 0, 0, 1, 0}, {0, 0, 0, 0, 0, 0, 0, 1, 0, 0, 0, 0, 0}, 
      {0, 0, 0, 0, 0, 1, 0, 0, 0, 0, 0, 0, 0, 0}, {0, 0, 0, 0, 0, 0, 0, 0, 0, 
       0, 0, 0, 0, 0, 0}, {0, 0, 0, 0, 0, 0, 0, 0, 0, 0, 1, 0, 0, 0}, 
      {0, 0, 0, 0, 0, 0, 0, 0, 0, 0, 0, 0, 0, 0}, {0, 0, 0, 0, 0, 0, 0, 0, 0, 
       0, 0, 0, 0}, {0, 0, 0, 0, 0, 0, 0, 0, 0, 0, 0, 0, 0, 0}}, 
     {{-4.473431, 11.234028, -4.473387, 11.234059, -4.473309, 11.233907, 
       -4.473062, 11.233914, -4.473152, 11.233864, -4.473359, 11.233854, 
       -4.473932, 11.231185, -4.472665, 11.23024, -4.472619, 11.233705, 
       -4.472585, 11.233998, -4.472642, 11.233989, -4.472745, 11.23506, 
       -4.472583, 11.235721, -4.471238, 11.234225, -4.470154, 11.233433}, 
      {-4.473343, 11.233983, -4.473387, 11.234059, -4.473264, 11.233724, 
       -4.473932, 11.231185, -4.472665, 11.23024, -4.472155, 11.233801, 
       -4.472098, 11.233781, -4.472184, 11.233803, -4.47276, 11.233868, 
       -4.472745, 11.23506, -4.473057, 11.235488, -4.471163, 11.234155, 
       -4.471238, 11.234225, -4.470416, 11.233591, -4.470715, 11.233819}, 
      {-4.473378, 11.233942, -4.473371, 11.233755, -4.47286, 11.233585, 
       -4.473255, 11.232586, -4.471161, 11.231427, -4.472686, 11.233749, 
       -4.472602, 11.233881, -4.47294, 11.234421, -4.472745, 11.23506, 
       -4.472705, 11.236136, -4.471238, 11.234225, -4.471089, 11.234237, 
       -4.4707, 11.234024, -4.470802, 11.233641, -4.484941, 11.24169}, 
      {-4.473423, 11.234004, -4.473387, 11.234059, -4.473371, 11.233755, 
       -4.472915, 11.233108, -4.472661, 11.233728, -4.47298, 11.236059, 
       -4.471238, 11.234225, -4.47124, 11.234133, -4.469956, 11.233372, 
       -4.470131, 11.233414, -4.470891, 11.233688, -4.470768, 11.233707, 
       -4.482108, 11.239551, -4.484941, 11.24169}, {-4.473423, 11.234004, 
       -4.473387, 11.234059, -4.472935, 11.233725, -4.472915, 11.233108, 
       -4.472665, 11.23024, -4.472155, 11.233801, -4.47294, 11.234421, 
       -4.472745, 11.23506, -4.47298, 11.236059, -4.472705, 11.236136, 
       -4.47124, 11.234133, -4.469956, 11.233372, -4.470741, 11.234028, 
       -4.48305, 11.240221, -4.484941, 11.24169}, {-4.47286, 11.233585, 
       -4.472155, 11.233801, -4.472171, 11.233716, -4.472661, 11.233728, 
       -4.472642, 11.233989, -4.472935, 11.234408, -4.47294, 11.234421, 
       -4.472745, 11.23506, -4.472071, 11.235442, -4.471128, 11.234003, 
       -4.471163, 11.234155, -4.471197, 11.23429, -4.470154, 11.233433, 
       -4.470768, 11.233707}, {-4.47288, 11.233968, -4.473055, 11.233809, 
       -4.472915, 11.233108, -4.473932, 11.231185, -4.472518, 11.232477, 
       -4.470794, 11.232697, -4.472098, 11.233781, -4.472711, 11.233799, 
       -4.472642, 11.233989, -4.472745, 11.23506, -4.469248, 11.233343, 
       -4.469812, 11.233307, -4.470154, 11.233433}, {-4.473343, 11.233983, 
       -4.473378, 11.233942, -4.473264, 11.233724, -4.473317, 11.233812, 
       -4.472915, 11.233108, -4.472665, 11.23024, -4.472171, 11.233716, 
       -4.472661, 11.233728, -4.47294, 11.234421, -4.472705, 11.236136, 
       -4.471128, 11.234003, -4.471197, 11.23429, -4.469248, 11.233343, 
       -4.469812, 11.233307, -4.470154, 11.233433}, {-4.473378, 11.233942, 
       -4.473317, 11.233812, -4.470794, 11.232697, -4.472168, 11.233776, 
       -4.472661, 11.233728, -4.472809, 11.233933, -4.472583, 11.235721, 
       -4.472097, 11.234812, -4.47124, 11.234133, -4.469142, 11.233426, 
       -4.469812, 11.233307, -4.470802, 11.233641, -4.482108, 11.239551, 
       -4.485088, 11.241539}, {-4.473423, 11.234004, -4.473152, 11.233864, 
       -4.472297, 11.23256, -4.472146, 11.233756, -4.472686, 11.233749, 
       -4.472935, 11.234408, -4.47294, 11.234421, -4.472745, 11.23506, 
       -4.472698, 11.234884, -4.472705, 11.236136, -4.471128, 11.234003, 
       -4.469142, 11.233426, -4.470768, 11.233707, -4.48305, 11.240221, 
       -4.485088, 11.241539}, {-4.473387, 11.234059, -4.473371, 11.233755, 
       -4.473932, 11.231185, -4.472665, 11.23024, -4.472297, 11.23256, 
       -4.472464, 11.232749, -4.472146, 11.233756, -4.472642, 11.233989, 
       -4.47294, 11.234421, -4.472071, 11.235442, -4.471128, 11.234003, 
       -4.469812, 11.233307, -4.470791, 11.233846}, {-4.473089, 11.234105, 
       -4.47286, 11.233585, -4.473932, 11.231185, -4.472665, 11.23024, 
       -4.472309, 11.232571, -4.472171, 11.233716, -4.472602, 11.233881, 
       -4.472705, 11.236136, -4.471128, 11.234003, -4.469812, 11.233307, 
       -4.470688, 11.234064, -4.48305, 11.240221, -4.485088, 11.241539}, 
      {-4.473423, 11.234004, -4.472858, 11.233904, -4.4732, 11.233861, 
       -4.473932, 11.231185, -4.472464, 11.232749, -4.472469, 11.232674, 
       -4.472333, 11.233672, -4.472661, 11.233728, -4.472698, 11.234884, 
       -4.472097, 11.234812, -4.471128, 11.234003, -4.470868, 11.234622, 
       -4.470768, 11.233707, -4.482014, 11.239466}, {-4.473343, 11.233983, 
       -4.473317, 11.233812, -4.472977, 11.232962, -4.472297, 11.23256, 
       -4.472661, 11.233728, -4.472642, 11.233989, -4.472935, 11.234408, 
       -4.472839, 11.235127, -4.472698, 11.234884, -4.472705, 11.236136, 
       -4.472071, 11.235442, -4.471128, 11.234003, -4.469956, 11.233372, 
       -4.470157, 11.23359, -4.485088, 11.241539}, {-4.473343, 11.233983, 
       -4.47288, 11.233968, -4.47286, 11.233585, -4.473932, 11.231185, 
       -4.472469, 11.232674, -4.472171, 11.233716, -4.472642, 11.233989, 
       -4.47294, 11.234421, -4.473057, 11.235488, -4.472583, 11.235721, 
       -4.471128, 11.234003, -4.469812, 11.233307, -4.470891, 11.233688, 
       -4.484941, 11.24169}, {-4.473423, 11.234004, -4.473089, 11.234105, 
       -4.473264, 11.233724, -4.473932, 11.231185, -4.472309, 11.232571, 
       -4.472146, 11.233756, -4.472638, 11.233597, -4.472642, 11.233989, 
       -4.47294, 11.234421, -4.472745, 11.23506, -4.472883, 11.235617, 
       -4.471128, 11.234003, -4.471243, 11.234311, -4.470131, 11.233414}, 
      {-4.473436, 11.234035, -4.473264, 11.233724, -4.47286, 11.233585, 
       -4.472297, 11.23256, -4.472146, 11.233756, -4.472642, 11.233989, 
       -4.47294, 11.234421, -4.47298, 11.236059, -4.472173, 11.235662, 
       -4.471846, 11.235351, -4.469812, 11.233307, -4.470768, 11.233707, 
       -4.483409, 11.238657}, {-4.473387, 11.234059, -4.473152, 11.233864, 
       -4.472977, 11.232962, -4.472725, 11.230079, -4.472165, 11.232632, 
       -4.472146, 11.233756, -4.472661, 11.233728, -4.47294, 11.234421, 
       -4.472745, 11.23506, -4.472583, 11.235721, -4.472544, 11.235667, 
       -4.472097, 11.234812, -4.471128, 11.234003, -4.470768, 11.233707}}, 
     {{134.75053877432316, 128.8300539469536, 132.63354628443557, 
       113.61131017628176, 124.12455760230867, 140.63167673041195, 
       423.4187493485961, 494.27553540501725, 114.42749669538577, 
       82.09869730996287, 84.61660179892782, 50.80154426792226, 
       110.71269123279754, 141.76661560469654, 287.51645465957193}, 
      {129.97979073677175, 128.8300539469536, 143.84072093804267, 
       423.4187493485961, 494.27553540501725, 106.10160036492137, 
       110.10142823769556, 105.04032416166667, 101.42131235594137, 
       50.80154426792226, 108.81357681836018, 152.41364374627602, 
       141.76661560469654, 253.873160653066, 212.9732950395017}, 
      {135.8147687108252, 149.1990951714386, 134.42472577613148, 
       252.58790568827834, 388.71727720793575, 111.3450515290132, 
       95.0749414934546, 65.89550895168479, 50.80154426792226, 
       158.0206951637123, 141.76661560469654, 156.5325895780108, 
       204.90239481277922, 214.81073646349537, 1575.4735359567437}, 
      {135.56057428316834, 128.8300539469536, 149.1990951714386, 
       186.06788572989686, 112.91471870400869, 158.7299999999415, 
       141.76661560469654, 145.80959536328834, 309.8015987693364, 
       290.7498933791562, 203.8023348737214, 214.0354944863004, 
       1189.991901863242, 1575.4735359567437}, {135.56057428316834, 
       128.8300539469536, 123.67561764545688, 186.06788572989686, 
       494.27553540501725, 106.10160036492137, 65.89550895168479, 
       50.80154426792226, 158.7299999999415, 158.0206951637123, 
       145.80959536328834, 309.8015987693364, 200.56402892838443, 
       1315.752027587304, 1575.4735359567437}, {134.42472577613148, 
       106.10160036492137, 114.66607039574602, 112.91471870400869, 
       84.61660179892782, 66.17037176853734, 65.89550895168479, 
       50.80154426792226, 87.76187156179401, 163.39295731457437, 
       152.41364374627602, 143.37828043328136, 287.51645465957193, 
       214.0354944863004}, {97.34260423869311, 122.47224338583123, 
       186.06788572989686, 423.4187493485961, 247.71132977723067, 
       286.44517468444263, 110.10142823769556, 106.81787303630865, 
       84.61660179892782, 50.80154426792226, 381.19063275478476, 
       327.1306236046948, 287.51645465957193}, {129.97979073677175, 
       135.8147687108252, 143.84072093804267, 140.5629997544461, 
       186.06788572989686, 494.27553540501725, 114.66607039574602, 
       112.91471870400869, 65.89550895168479, 158.0206951637123, 
       163.39295731457437, 143.37828043328136, 381.19063275478476, 
       327.1306236046948, 287.51645465957193}, {135.8147687108252, 
       140.5629997544461, 286.44517468444263, 108.36256272336477, 
       112.91471870400869, 97.01800451451012, 110.71269123279754, 
       37.27182447915657, 145.80959536328834, 388.45250546243085, 
       327.1306236046948, 214.81073646349537, 1189.991901863242, 
       1581.6872153810837}, {135.56057428316834, 124.12455760230867, 
       238.78547547956506, 111.13168855009594, 111.3450515290132, 
       66.17037176853734, 65.89550895168479, 50.80154426792226, 
       34.64179267876882, 158.0206951637123, 163.39295731457437, 
       388.45250546243085, 214.0354944863004, 1315.752027587304, 
       1581.6872153810837}, {128.8300539469536, 149.1990951714386, 
       423.4187493485961, 494.27553540501725, 238.78547547956506, 
       217.62228861026603, 111.13168855009594, 84.61660179892782, 
       65.89550895168479, 87.76187156179401, 163.39295731457437, 
       327.1306236046948, 204.2009199293644}, {100.08065747181786, 
       134.42472577613148, 423.4187493485961, 494.27553540501725, 
       237.5030172439254, 114.66607039574602, 95.0749414934546, 
       158.0206951637123, 163.39295731457437, 327.1306236046948, 
       204.5153534578862, 1315.752027587304, 1581.6872153810837}, 
      {135.56057428316834, 102.29515042251934, 127.83594995150932, 
       423.4187493485961, 217.62228861026603, 225.88185960807928, 
       116.4904154854767, 112.91471870400869, 34.64179267876882, 
       37.27182447915657, 163.39295731457437, 171.65900908487174, 
       214.0354944863004, 1176.5735031013141}, {129.97979073677175, 
       140.5629997544461, 203.42355050473327, 238.78547547956506, 
       112.91471870400869, 84.61660179892782, 66.17037176853734, 
       63.3237048821422, 34.64179267876882, 158.0206951637123, 
       87.76187156179401, 163.39295731457437, 309.8015987693364, 
       279.07485608702723, 1581.6872153810837}, {129.97979073677175, 
       97.34260423869311, 134.42472577613148, 423.4187493485961, 
       225.88185960807928, 114.66607039574602, 84.61660179892782, 
       65.89550895168479, 108.81357681836018, 110.71269123279754, 
       163.39295731457437, 327.1306236046948, 203.8023348737214, 
       1575.4735359567437}, {135.56057428316834, 100.08065747181786, 
       143.84072093804267, 423.4187493485961, 237.5030172439254, 
       111.13168855009594, 126.4889516914177, 84.61660179892782, 
       65.89550895168479, 50.80154426792226, 110.10247227016298, 
       163.39295731457437, 137.8375057812485, 290.7498933791562}, 
      {134.76616229597855, 143.84072093804267, 134.42472577613148, 
       238.78547547956506, 111.13168855009594, 84.61660179892782, 
       65.89550895168479, 158.7299999999415, 106.52004928653814, 
       93.6368821565745, 327.1306236046948, 214.0354944863004, 
       1283.2486850178148}, {128.8300539469536, 124.12455760230867, 
       203.42355050473327, 512.343867339059, 232.2179202816637, 
       111.13168855009594, 112.91471870400869, 65.89550895168479, 
       50.80154426792226, 110.71269123279754, 104.22527572521916, 
       37.27182447915657, 163.39295731457437, 214.0354944863004}}}
 
psdataBoth = {{{3., 1., 0., 0., 0., 0., 6., 2., 1., 0., 0., 1., 0., 0., 1., 
       8., 1., 5., 0., 1.}, {0., 0., 1., 4., 5., 0., 0., 2., 3., 1., 7., 1., 
       1., 1., 0., 19., 7., 2., 0.}, {4., 1., 2., 0., 0., 10., 0., 2., 1., 
       1., 0., 1., 0., 0., 5., 4., 19., 9., 0., 3.}, {1., 0., 2., 0., 0., 1., 
       0., 1., 1., 3., 2., 0., 0., 2., 4., 15., 3., 2., 1.}, 
      {0., 1., 9., 4., 7., 4., 7., 13., 0., 0., 2., 10., 1., 6., 5., 0., 2., 
       14.}, {1., 2., 0., 3., 0., 0., 4., 0., 7., 0., 0., 1., 24., 21., 11., 
       9., 60.}, {0., 0., 2., 0., 1., 0., 3., 2., 1., 0., 0., 20., 16., 1., 
       2.}, {0., 0., 0., 1., 2., 3., 25., 3., 0., 0., 1., 4., 0., 16., 0., 
       15.}, {0., 0., 2., 0., 1., 3., 0., 0., 0., 2., 3., 2., 16., 2., 18.}, 
      {0., 0., 1., 0., 15., 1., 14., 3., 8., 0., 9., 18., 1., 3., 4.}, 
      {3., 1., 0., 3., 3., 0., 0., 1., 1., 1., 0., 2., 7., 2., 0., 35., 0.}, 
      {1., 0., 0., 5., 0., 2., 0., 0., 0., 4., 2., 1., 0.}, 
      {1., 1., 0., 9., 0., 9., 4., 0., 7., 1., 0., 39., 3., 6., 8.}, 
      {0., 3., 0., 1., 2., 0., 0., 1., 6., 0., 4., 5., 4., 0., 0.}, 
      {0., 1., 0., 4., 3., 0., 2., 1., 2., 1., 3., 3., 0., 0., 18., 0.}, 
      {0., 0., 0., 5., 2., 0., 2., 0., 0., 0., 10., 1., 19., 0., 8.}, 
      {1., 0., 1., 1., 0., 0., 0., 0., 0., 1., 0., 5., 0., 0., 0., 0., 1., 
       3., 0.}, {0., 6., 1., 0., 8., 4., 0., 2., 2., 0., 3., 2., 3.}}, 
     {{0, 1, 0, 0, 0, 0, 0, 0, 0, 2, 0, 1, 1, 1, 0, 0, 0, 0, 0, 0}, 
      {0, 0, 0, 0, 1, 0, 0, 0, 2, 0, 0, 0, 0, 0, 0, 0, 0, 0, 0}, 
      {1, 0, 0, 0, 0, 0, 0, 0, 1, 1, 0, 0, 2, 0, 0, 0, 0, 0, 0, 0}, 
      {0, 0, 0, 0, 0, 0, 0, 0, 0, 0, 0, 1, 0, 0, 0, 0, 0, 0, 0}, 
      {0, 0, 0, 0, 0, 0, 0, 0, 0, 0, 0, 0, 0, 0, 0, 0, 0, 0}, 
      {0, 0, 0, 0, 0, 0, 0, 0, 0, 0, 0, 1, 0, 0, 0, 0, 0}, 
      {0, 0, 0, 0, 0, 0, 0, 0, 0, 0, 0, 0, 0, 0, 0}, {0, 0, 0, 0, 0, 0, 0, 0, 
       0, 0, 0, 0, 0, 0, 0, 0}, {0, 0, 0, 0, 0, 0, 0, 0, 0, 0, 0, 0, 0, 0, 
       0}, {0, 0, 0, 0, 0, 0, 0, 0, 0, 0, 0, 0, 0, 0, 0}, 
      {0, 0, 0, 0, 0, 0, 0, 0, 0, 0, 0, 0, 0, 0, 0, 0, 0}, 
      {0, 0, 0, 0, 0, 0, 0, 0, 0, 0, 0, 0, 0}, {0, 0, 0, 0, 0, 0, 0, 0, 0, 0, 
       0, 0, 0, 0, 0}, {0, 0, 0, 0, 0, 0, 0, 0, 0, 0, 0, 0, 0, 0, 0}, 
      {0, 0, 0, 0, 0, 0, 0, 0, 0, 0, 0, 0, 0, 0, 0, 0}, 
      {0, 0, 0, 0, 0, 0, 0, 0, 0, 0, 0, 0, 0, 0, 0}, {0, 0, 0, 0, 0, 0, 0, 0, 
       0, 0, 0, 0, 0, 0, 0, 0, 0, 0, 0}, {0, 0, 0, 0, 0, 0, 0, 0, 0, 0, 0, 0, 
       0}}, {{5, 0, 0, 0, 0, 0, 0, 0, 2, 0, 0, 0, 0, 3, 2, 0, 0, 0, 0, 0}, 
      {0, 0, 0, 1, 2, 0, 0, 1, 2, 0, 2, 1, 0, 3, 0, 1, 0, 0, 0}, 
      {0, 0, 0, 0, 0, 2, 0, 0, 0, 0, 0, 0, 4, 1, 2, 0, 0, 0, 0, 0}, 
      {0, 0, 0, 0, 0, 0, 1, 0, 0, 0, 0, 0, 0, 0, 0, 0, 0, 0, 0}, 
      {0, 0, 1, 0, 0, 0, 3, 0, 0, 0, 0, 1, 0, 0, 0, 0, 0, 0}, 
      {0, 0, 0, 0, 0, 0, 1, 0, 0, 0, 0, 0, 0, 0, 0, 1, 0}, 
      {0, 0, 0, 0, 0, 0, 0, 0, 0, 0, 0, 0, 0, 0, 0}, {0, 0, 0, 0, 0, 0, 1, 0, 
       0, 0, 0, 1, 0, 0, 0, 0}, {0, 0, 0, 0, 0, 0, 0, 0, 0, 0, 0, 0, 0, 0, 
       0}, {0, 0, 0, 0, 0, 0, 0, 0, 1, 0, 0, 0, 0, 0, 0}, 
      {0, 0, 0, 0, 1, 0, 0, 0, 0, 0, 0, 0, 0, 0, 0, 0, 0}, 
      {0, 0, 0, 0, 0, 0, 0, 0, 0, 0, 0, 0, 0}, {0, 0, 0, 0, 0, 0, 0, 0, 0, 0, 
       0, 0, 0, 0, 0}, {0, 0, 0, 0, 0, 0, 0, 0, 0, 0, 0, 0, 0, 0, 0}, 
      {0, 0, 0, 0, 0, 0, 0, 0, 0, 0, 0, 0, 0, 0, 0, 0}, 
      {0, 0, 0, 0, 0, 0, 0, 0, 0, 0, 0, 0, 0, 0, 0}, {0, 0, 0, 0, 0, 0, 0, 0, 
       0, 0, 0, 0, 0, 0, 0, 0, 0, 0, 0}, {0, 0, 0, 0, 0, 0, 0, 0, 0, 0, 0, 0, 
       0}}, {{-4.473314, 11.233763, -4.473158, 11.233784, -4.472736, 
       11.233423, -4.472813, 11.233233, -4.472856, 11.233057, -4.473223, 
       11.232566, -4.473627, 11.231306, -4.473081, 11.232332, -4.472591, 
       11.232727, -4.471093, 11.231601, -4.470777, 11.232358, -4.471102, 
       11.232577, -4.472576, 11.233668, -4.472834, 11.235938, -4.471234, 
       11.234172, -4.47274400023, 11.2350997004, -4.482576, 11.239197, 
       -4.482649, 11.240871, -4.483544, 11.240807, -4.484223, 11.240882}, 
      {-4.473125, 11.234052, -4.473423, 11.232595, -4.473241, 11.23064, 
       -4.472901, 11.232842, -4.47223, 11.232565, -4.470238, 11.231147, 
       -4.472431, 11.23366, -4.472996, 11.236115, -4.472471, 11.235236, 
       -4.471234, 11.234172, -4.469135, 11.233468, -4.469795, 11.233471, 
       -4.470585, 11.234152, -4.470868, 11.233648, -4.483055, 11.239961, 
       -4.483551, 11.240321, -4.483846, 11.24046, -4.48402, 11.240011, 
       -4.482597, 11.238646}, {-4.473039, 11.234023, -4.473474, 11.233862, 
       -4.473158, 11.233784, -4.472736, 11.233423, -4.472856, 11.233057, 
       -4.473199, 11.232865, -4.473002, 11.230694, -4.472936, 11.232533, 
       -4.471539, 11.232573, -4.47199, 11.233824, -4.472576, 11.233668, 
       -4.472581, 11.233878, -4.472769, 11.235149, -4.470271, 11.233484, 
       -4.470822, 11.233805, -4.482163, 11.239525, -4.482824, 11.241018, 
       -4.48448, 11.240438, -4.483786, 11.238159, -4.484956, 11.237898}, 
      {-4.47322, 11.234056, -4.473241, 11.23064, -4.472597, 11.230273, 
       -4.472901, 11.232842, -4.472686, 11.232934, -4.470238, 11.231147, 
       -4.470922, 11.232071, -4.471144, 11.23263, -4.472792, 11.234432, 
       -4.473052, 11.235411, -4.472888, 11.235693, -4.472653, 11.235674, 
       -4.470585, 11.234152, -4.470723, 11.233595, -4.46992620043, 
       11.2347819035, -4.484991, 11.241503, -4.48402, 11.240011, -4.482583, 
       11.237984, -4.485001, 11.237359}, {-4.473039, 11.234023, -4.473434, 
       11.233857, -4.473038, 11.233614, -4.473001, 11.233167, -4.473148, 
       11.232648, -4.473627, 11.231306, -4.472936, 11.232533, -4.472246, 
       11.232515, -4.47185, 11.23246, -4.471018, 11.231499, -4.472576, 
       11.233668, -4.472808, 11.236066, -4.469135, 11.233468, -4.482521, 
       11.238899, -4.482328, 11.239146, -4.482649, 11.240871, -4.483932, 
       11.241508, -4.48557, 11.24127}, {-4.47322, 11.234056, -4.472889, 
       11.233574, -4.472753, 11.233042, -4.472297, 11.232623, -4.470922, 
       11.232071, -4.47248, 11.233621, -4.472792, 11.234432, -4.472909, 
       11.235338, -4.472174, 11.235609, -4.472034, 11.235407, -4.471162, 
       11.234162, -4.469795, 11.233471, -4.47278869974, 11.2344408001, 
       -4.46992620043, 11.2347819035, -4.483786, 11.238159, -4.48708, 
       11.239299, -4.48755, 11.239233}, {-4.473039, 11.234023, -4.472908, 
       11.233667, -4.473081, 11.232332, -4.471093, 11.231601, -4.472263, 
       11.233657, -4.472605, 11.233808, -4.473052, 11.235411, -4.472834, 
       11.235938, -4.469135, 11.233468, -4.470241, 11.23351, -4.482557, 
       11.239426, -4.483132, 11.239555, -4.483846, 11.24046, -4.484223, 
       11.240882, -4.483274, 11.237416}, {-4.473162, 11.233574, -4.473223, 
       11.232566, -4.472901, 11.232842, -4.470238, 11.231147, -4.470763, 
       11.232395, -4.472824, 11.234563, -4.472983, 11.235663, -4.472596, 
       11.235537, -4.472034, 11.235407, -4.471162, 11.234162, -4.470822, 
       11.233805, -4.482163, 11.239525, -4.482563, 11.240653, -4.48277, 
       11.238716, -4.482654, 11.238105, -4.48305540015, 11.2399607031}, 
      {-4.47322, 11.234056, -4.473002, 11.233943, -4.473434, 11.233857, 
       -4.47277, 11.233225, -4.471093, 11.231601, -4.472794, 11.235107, 
       -4.473052, 11.235411, -4.472834, 11.235938, -4.472524, 11.235319, 
       -4.470271, 11.233484, -4.470744, 11.233769, -4.482824, 11.241018, 
       -4.485094, 11.240629, -4.48448, 11.240438, -4.48708, 11.239299}, 
      {-4.472942, 11.233528, -4.473627, 11.231306, -4.472686, 11.232934, 
       -4.471485, 11.23249, -4.472581, 11.233878, -4.471744, 11.233562, 
       -4.472983, 11.235663, -4.472273, 11.235668, -4.469795, 11.233471, 
       -4.470585, 11.234152, -4.47232119973, 11.2338558024, -4.483551, 
       11.240321, -4.484461, 11.241177, -4.48755, 11.239233, -4.484956, 
       11.237898}, {-4.473117, 11.233774, -4.47262, 11.233146, -4.472941, 
       11.233168, -4.473148, 11.232648, -4.47083, 11.231964, -4.472263, 
       11.233657, -4.472576, 11.233668, -4.472834, 11.235938, -4.472203, 
       11.235703, -4.471861, 11.235495, -4.471234, 11.234172, -4.470717, 
       11.233927, -4.47274400023, 11.2350997004, -4.482576, 11.239197, 
       -4.482649, 11.240871, -4.48557, 11.24127, -4.483151, 11.237364}, 
      {-4.473407, 11.232653, -4.472597, 11.230273, -4.472901, 11.232842, 
       -4.472209, 11.232645, -4.471019, 11.23274, -4.472653, 11.235674, 
       -4.47061, 11.234022, -4.470868, 11.233648, -4.482163, 11.239525, 
       -4.483055, 11.239961, -4.484461, 11.241177, -4.48402, 11.240011, 
       -4.482597, 11.238646}, {-4.472956, 11.233989, -4.473117, 11.233774, 
       -4.472764, 11.233476, -4.473199, 11.232865, -4.473627, 11.231306, 
       -4.473081, 11.232332, -4.471539, 11.232573, -4.47199, 11.233824, 
       -4.472576, 11.233668, -4.472581, 11.233878, -4.472561, 11.235146, 
       -4.483132, 11.239555, -4.482563, 11.240653, -4.483525, 11.23807, 
       -4.484956, 11.237898}, {-4.47322, 11.234056, -4.472901, 11.232842, 
       -4.472643, 11.232932, -4.470238, 11.231147, -4.471019, 11.23274, 
       -4.472895, 11.234586, -4.473052, 11.235411, -4.472889, 11.235598, 
       -4.472677, 11.235577, -4.469795, 11.233471, -4.470679, 11.233709, 
       -4.483551, 11.240321, -4.484991, 11.241503, -4.482583, 11.237984, 
       -4.485001, 11.237359}, {-4.473001, 11.234036, -4.473314, 11.233763, 
       -4.473001, 11.233167, -4.473187, 11.232564, -4.473627, 11.231306, 
       -4.472936, 11.232533, -4.472209, 11.232645, -4.471876, 11.232338, 
       -4.470733, 11.231959, -4.472576, 11.233668, -4.472808, 11.236066, 
       -4.482521, 11.238899, -4.482328, 11.239146, -4.482163, 11.239525, 
       -4.483932, 11.241508, -4.485094, 11.240629}, {-4.47322, 11.234056, 
       -4.472297, 11.232623, -4.470922, 11.232071, -4.471144, 11.23263, 
       -4.472699, 11.235143, -4.472915, 11.235395, -4.472653, 11.235674, 
       -4.472155, 11.235649, -4.472034, 11.235407, -4.47108, 11.234269, 
       -4.47278869974, 11.2344408001, -4.47274400023, 11.2350997004, 
       -4.483786, 11.238159, -4.48708, 11.239299, -4.48305540015, 
       11.2399607031}, {-4.472956, 11.233989, -4.472941, 11.233168, -4.47337, 
       11.232645, -4.47307, 11.232553, -4.471876, 11.232338, -4.471093, 
       11.231601, -4.47199, 11.233824, -4.472576, 11.233668, -4.472642, 
       11.234019, -4.472834, 11.235938, -4.472174, 11.235609, -4.472128, 
       11.235082, -4.469135, 11.233468, -4.470241, 11.23351, -4.482557, 
       11.239426, -4.482163, 11.239525, -4.483055, 11.239961, -4.482824, 
       11.241018, -4.484223, 11.240882}, {-4.473097, 11.234032, -4.473038, 
       11.233614, -4.473241, 11.23064, -4.472901, 11.232842, -4.470777, 
       11.232358, -4.471019, 11.23274, -4.472792, 11.234432, -4.472983, 
       11.235663, -4.482521, 11.238899, -4.482541, 11.239696, -4.482563, 
       11.240653, -4.484991, 11.241503, -4.48277, 11.238716}}, 
     {{144.247584728453, 131.3815428436499, 147.46307232652424, 
       169.79169002036656, 189.71926127822653, 253.3996300312031, 
       398.8625634224565, 273.1537444370568, 220.75648937221936, 
       373.775079426137, 317.442256953928, 277.68909035110204, 
       117.66822935691486, 140.6022908776227, 144.53623282767276, 
       53.96357560693682, 1220.0765476395477, 1312.0879677826956, 
       1394.0023630181113, 1463.7723972325355}, {106.96757686316083, 
       258.94261680916793, 458.4430635313474, 213.85881347277942, 
       238.78537413337182, 461.4676206408883, 117.37185565532833, 
       165.0947561251155, 56.21817944412047, 144.53623282767276, 
       387.49334200735746, 320.5973730397447, 212.05264087017716, 
       208.37641181279017, 1303.356834332005, 1369.8454712850041, 
       1405.7058771307754, 1401.646403377158, 1199.0915538439683}, 
      {102.75507384054976, 149.56060510704614, 131.3815428436499, 
       147.46307232652424, 189.71926127822653, 221.81084734511555, 
       448.14731707327155, 247.79943442219516, 256.20112255796505, 
       110.25457541520454, 117.66822935691486, 94.95345017414148, 
       59.88891383223408, 273.5610653948447, 203.41653153072787, 
       1194.1433418145468, 1336.9226500437646, 1467.3296857215685, 
       1305.4870487676221, 1421.8588341322861}, {114.4352157335396, 
       458.4430635313474, 490.3051804742634, 213.85881347277942, 
       199.30864757949826, 461.4676206408883, 335.6955086086449, 
       270.3040454746695, 51.79516772822, 102.06820513749814, 
       117.83485265403944, 107.14660657249082, 212.05264087017716, 
       224.84785700565365, 274.934293227857, 1570.415307235619, 
       1401.646403377158, 1173.4118873183568, 1413.3317798732842}, 
      {102.75507384054976, 146.55125417400987, 139.77091900676928, 
       182.92361684588215, 242.124218119553, 398.8625634224565, 
       247.79943442219516, 244.11537948274818, 257.2663199876636, 
       387.3442387592897, 117.66822935691486, 153.19687007242075, 
       387.49334200735746, 1201.6451556096013, 1192.8635030882344, 
       1312.0879677826956, 1469.202307716676, 1615.1726456945762}, 
      {114.4352157335396, 136.71477791358888, 188.82899380127984, 
       231.86789342200996, 335.6955086086449, 121.8103365893099, 
       51.79516772822, 85.74194831006906, 100.8721591918106, 
       86.2838345231558, 152.19779039138444, 320.5973730397447, 
       50.908480550777654, 274.934293227857, 1305.4870487676221, 
       1688.6781010304906, 1736.013507464699}, {102.75507384054976, 
       128.13413635707394, 273.1537444370568, 373.775079426137, 
       119.04134743865572, 103.01081545153431, 102.06820513749814, 
       140.6022908776227, 387.49334200735746, 275.02078921418786, 
       1228.5479650790808, 1291.9706418104035, 1405.7058771307754, 
       1463.7723972325355, 1229.5004742576816}, {150.5263890484372, 
       253.3996300312031, 213.85881347277942, 461.4676206408883, 
       315.00105206168735, 47.45285765891823, 119.86770207200946, 
       91.06385726524736, 86.2838345231558, 152.19779039138444, 
       203.41653153072787, 1194.1433418145468, 1291.7228386925594, 
       1219.6175083197513, 1184.9574813046786, 1303.38189775885}, 
      {114.4352157335396, 107.07837550125231, 146.55125417400987, 
       169.52242005117495, 373.775079426137, 58.26481013441097, 
       102.06820513749814, 140.6022908776227, 66.02428719807546, 
       273.5610653948447, 212.8301024291311, 1336.9226500437646, 
       1537.3938000720734, 1467.3296857215685, 1688.6781010304906}, 
      {143.62858002495548, 398.8625634224565, 199.30864757949826, 
       266.9119796860998, 94.95345017414148, 148.438305703114, 
       119.86770207200946, 104.85169764968903, 320.5973730397447, 
       212.05264087017716, 96.50954889013344, 1369.8454712850041, 
       1502.0853276694825, 1736.013507464699, 1421.8588341322861}, 
      {129.5514696943947, 175.2278248452348, 180.6391920376165, 
       242.124218119553, 350.9361015911449, 119.04134743865572, 
       117.66822935691486, 140.6022908776227, 110.10225247483925, 
       104.81331976434812, 144.53623282767276, 207.46781533536134, 
       53.96357560693682, 1220.0765476395477, 1312.0879677826956, 
       1615.1726456945762, 1214.9939195321117}, {252.42064099419233, 
       490.3051804742634, 213.85881347277942, 230.24920846766142, 
       267.75466475861, 107.14660657249082, 214.1824572648846, 
       208.37641181279017, 1194.1433418145468, 1303.356834332005, 
       1502.0853276694825, 1401.646403377158, 1199.0915538439683}, 
      {100.00960203899088, 129.5514696943947, 142.57298551966977, 
       221.81084734511555, 398.8625634224565, 273.1537444370568, 
       256.20112255796505, 110.25457541520454, 117.66822935691486, 
       94.95345017414148, 48.45709132837758, 1291.9706418104035, 
       1291.7228386925594, 1275.1730678225797, 1421.8588341322861}, 
      {114.4352157335396, 213.85881347277942, 198.90083685087168, 
       461.4676206408883, 267.75466475861, 53.9763846510417, 
       102.06820513749814, 108.5570711653627, 97.52255328893898, 
       320.5973730397447, 222.32085822080163, 1369.8454712850041, 
       1570.415307235619, 1173.4118873183568, 1413.3317798732842}, 
      {98.95458402717829, 144.247584728453, 182.92361684588215, 
       252.26271484302035, 398.8625634224565, 247.79943442219516, 
       230.24920846766142, 269.63964137335574, 356.85953090815354, 
       117.66822935691486, 153.19687007242075, 1201.6451556096013, 
       1192.8635030882344, 1194.1433418145468, 1469.202307716676, 
       1537.3938000720734}, {114.4352157335396, 231.86789342200996, 
       335.6955086086449, 270.3040454746695, 54.794134722740566, 
       91.1291413326022, 107.14660657249082, 105.67926192032506, 
       86.2838345231558, 156.29250429889515, 50.908480550777654, 
       53.96357560693682, 1305.4870487676221, 1688.6781010304906, 
       1303.38189775885}, {100.00960203899088, 180.6391920376165, 
       251.50698379961335, 249.4430638442358, 269.63964137335574, 
       373.775079426137, 110.25457541520454, 117.66822935691486, 
       81.45594698969036, 140.6022908776227, 100.8721591918106, 
       50.91396075745193, 387.49334200735746, 275.02078921418786, 
       1228.5479650790808, 1194.1433418145468, 1303.356834332005, 
       1336.9226500437646, 1463.7723972325355}, {106.34269556486758, 
       139.77091900676928, 458.4430635313474, 213.85881347277942, 
       317.442256953928, 267.75466475861, 51.79516772822, 119.86770207200946, 
       1201.6451556096013, 1239.756204138584, 1291.7228386925594, 
       1570.415307235619, 1219.6175083197513}}}
 
relnum = {6659, 8725}
